[17:21:13]
7E 00 88 16 00 15 00 08 01 57 00 00 28 2C 00 F9 00 37 00 F9 00 FA 00 04 00 08 14 E7 
[17:21:13]
7E 00 88 16 00 15 00 08 01 57 00 00 28 2C 00 F9 00 37 00 F9 00 FA 00 04 00 08 14 E7 
[17:21:13]
7E 00 88 16 00 15 00 08 01 57 00 00 28 2C 00 F9 00 37 00 F9 00 FA 00 04 00 08 14 E7 
[17:21:14]
7E 00 88 16 00 15 00 08 01 57 00 00 28 2C 00 F9 00 37 00 F9 00 FA 00 04 00 08 14 E7 
[17:21:14]
7E 00 88 16 00 15 00 08 01 57 00 00 28 2C 00 F9 00 37 00 F9 00 FA 00 04 00 08 14 E7 
[17:21:15]
7E 00 88 16 00 15 00 08 01 57 00 00 28 2C 00 F9 00 37 00 F9 00 FA 00 04 00 08 14 E7 
[17:21:15]
7E 00 88 16 00 15 00 08 01 57 00 00 28 2C 00 F9 00 37 00 F9 00 FA 00 04 00 08 14 E7 
[17:21:15]
7E 00 88 16 00 15 00 08 01 57 00 00 28 2C 00 F9 00 37 00 F9 00 FA 00 04 00 08 14 E7 
[17:21:16]
7E 00 88 16 00 15 00 08 01 57 00 00 28 2C 00 F9 00 37 00 F9 00 FA 00 04 00 08 14 E7 
[17:21:16]
7E 00 88 16 00 15 00 08 01 57 00 00 28 2C 00 F9 00 37 00 F9 00 FA 00 04 00 08 14 E7 
[17:21:16]
7E 00 88 16 00 15 00 08 01 57 00 00 28 2C 00 F9 00 37 00 F9 00 FA 00 04 00 08 14 E7 
[17:21:17]
7E 00 88 16 00 15 00 08 01 57 00 00 28 2C 00 F9 00 37 00 F9 00 FA 00 04 00 08 14 E7 
[17:21:17]
7E 00 88 16 00 15 00 08 01 57 00 00 28 2C 00 F9 00 37 00 F9 00 FA 00 04 00 08 14 E7 
[17:21:18]
7E 00 88 16 00 15 00 08 01 57 00 00 28 2C 00 F9 00 37 00 F9 00 FA 00 04 00 08 14 E7 
[17:21:18]
7E 00 88 16 00 15 00 08 01 57 00 00 28 2C 00 F9 00 37 00 F9 00 FA 00 04 00 08 14 E7 
[17:21:18]
7E 00 88 16 00 15 00 08 01 57 00 00 28 2C 00 F9 00 37 00 F9 00 FA 00 04 00 08 14 E7 
[17:21:19]
7E 00 88 16 00 15 00 08 01 57 00 00 28 2C 00 F9 00 37 00 F9 00 FA 00 04 00 08 14 E7 
[17:21:19]
7E 00 88 16 00 15 00 08 01 57 00 00 28 2C 00 F9 00 37 00 F9 00 FA 00 04 00 08 14 E7 
[17:21:20]
7E 00 88 16 00 15 00 08 01 57 00 00 28 2C 00 F9 00 37 00 F9 00 FA 00 04 00 08 14 E7 
[17:21:20]
7E 00 88 16 00 15 00 08 01 57 00 00 28 2C 00 F9 00 37 00 F9 00 FA 00 04 00 08 14 E7 
[17:21:20]
7E 00 88 16 00 15 00 08 01 57 00 00 28 2C 00 F9 00 37 00 F9 00 FA 00 04 00 07 13 E7 
[17:21:21]
7E 00 88 16 00 15 00 [17:22:34]
7E 00 88 16 00 15 00 08 01 57 00 00 28 2C 00 F9 00 37 00 F9 00 FA 00 04 00 07 13 E7 
[17:22:34]
7E 00 88 16 00 15 00 08 01 57 00 00 28 2C 00 F9 00 37 00 F9 00 FA 00 04 00 07 13 E7 
[17:22:34]
7E 00 88 16 00 15 00 08 01 57 00 00 28 2C 00 F9 00 37 00 F9 00 FA 00 04 00 07 13 E7 
[17:22:35]
7E 00 88 16 00 15 00 08 01 57 00 00 28 2C 00 F9 00 37 00 F9 00 FA 00 04 00 07 13 E7 
[17:22:35]
7E 00 88 16 00 15 00 08 01 57 00 00 28 2C 00 F9 00 37 00 F9 00 FA 00 04 00 07 13 E7 
[17:22:36]
7E 00 88 16 00 15 00 08 01 57 00 00 28 2C 00 F9 00 37 00 F9 00 FA 00 04 00 07 13 E7 
[17:22:36]
7E 00 88 16 00 15 00 08 01 57 00 00 28 2C 00 F9 00 37 00 F9 00 FA 00 04 00 07 13 E7 
[17:22:36]
7E 00 88 16 00 15 00 08 01 57 00 00 28 2C 00 F9 00 37 00 F9 00 FA 00 04 00 07 13 E7 
[17:22:37]
7E 00 88 16 00 15 00 08 01 57 00 00 28 2C 00 F9 00 37 00 F9 00 FA 00 04 00 07 13 E7 
[17:22:37]
7E 00 88 16 00 15 00 08 01 57 00 00 28 2C 00 F9 00 37 00 F9 00 FA 00 04 00 07 13 E7 
[17:22:37]
7E 00 88 16 00 15 00 08 01 57 00 00 28 2C 00 F9 00 37 00 F9 00 FA 00 04 00 07 13 E7 
[17:22:38]
7E 00 88 16 00 15 00 08 01 57 00 00 28 2C 00 F9 00 37 00 F9 00 FA 00 04 00 07 13 E7 
[17:22:38]
7E 00 88 16 00 15 00 08 01 57 00 00 28 2C 00 F9 00 37 00 F9 00 FA 00 04 00 07 13 E7 
[17:22:39]
7E 00 88 16 00 15 00 08 01 57 00 00 28 2C 00 F9 00 37 00 F9 00 FA 00 04 00 07 13 E7 
[17:22:39]
7E 00 88 16 00 15 00 08 01 57 00 00 28 2C 00 F9 00 37 00 F9 00 FA 00 04 00 07 13 E7 
[17:22:39]
7E 00 88 16 00 15 00 08 01 57 00 00 28 2C 00 F9 00 37 00 F9 00 FA 00 04 00 07 13 E7 
[17:22:40]
7E 00 88 16 00 15 00 08 01 57 00 00 28 2C 00 F9 00 37 00 F9 00 FA 00 04 00 07 13 E7 
[17:22:40]
7E 00 88 16 00 15 00 08 01 57 00 00 28 2C 00 F9 00 37 00 F9 00 FA 00 04 00 07 13 E7 
[17:22:41]
7E 00 88 16 00 15 00 08 01 57 00 00 28 2C 00 F9 00 37 00 F9 00 FA 00 04 00 07 13 E7 
[17:22:41]
7E 00 88 16 00 15 00 08 01 57 00 00 28 2C 00 F9 00 37 00 F9 00 FA 00 04 00 07 13 E7 
[17:22:41]
7E 00 88 16 00 15 00 08 01 57 00 00 28 2C 00 F9 00 37 00 F9 00 FA 00 04 00 07 13 E7 
[17:22:42]
7E 00 88 16 00 15 00 [17:22:34]
7E 00 88 16 00 15 00 08 01 57 00 00 28 2C 00 F9 00 37 00 F9 00 FA 00 04 00 07 13 E7 
[17:22:34]
7E 00 88 16 00 15 00 08 01 57 00 00 28 2C 00 F9 00 37 00 F9 00 FA 00 04 00 07 13 E7 
[17:22:34]
7E 00 88 16 00 15 00 08 01 57 00 00 28 2C 00 F9 00 37 00 F9 00 FA 00 04 00 07 13 E7 
[17:22:35]
7E 00 88 16 00 15 00 08 01 57 00 00 28 2C 00 F9 00 37 00 F9 00 FA 00 04 00 07 13 E7 
[17:22:35]
7E 00 88 16 00 15 00 08 01 57 00 00 28 2C 00 F9 00 37 00 F9 00 FA 00 04 00 07 13 E7 
[17:22:36]
7E 00 88 16 00 15 00 08 01 57 00 00 28 2C 00 F9 00 37 00 F9 00 FA 00 04 00 07 13 E7 
[17:22:36]
7E 00 88 16 00 15 00 08 01 57 00 00 28 2C 00 F9 00 37 00 F9 00 FA 00 04 00 07 13 E7 
[17:22:36]
7E 00 88 16 00 15 00 08 01 57 00 00 28 2C 00 F9 00 37 00 F9 00 FA 00 04 00 07 13 E7 
[17:22:37]
7E 00 88 16 00 15 00 08 01 57 00 00 28 2C 00 F9 00 37 00 F9 00 FA 00 04 00 07 13 E7 
[17:22:37]
7E 00 88 16 00 15 00 08 01 57 00 00 28 2C 00 F9 00 37 00 F9 00 FA 00 04 00 07 13 E7 
[17:22:37]
7E 00 88 16 00 15 00 08 01 57 00 00 28 2C 00 F9 00 37 00 F9 00 FA 00 04 00 07 13 E7 
[17:22:38]
7E 00 88 16 00 15 00 08 01 57 00 00 28 2C 00 F9 00 37 00 F9 00 FA 00 04 00 07 13 E7 
[17:22:38]
7E 00 88 16 00 15 00 08 01 57 00 00 28 2C 00 F9 00 37 00 F9 00 FA 00 04 00 07 13 E7 
[17:22:39]
7E 00 88 16 00 15 00 08 01 57 00 00 28 2C 00 F9 00 37 00 F9 00 FA 00 04 00 07 13 E7 
[17:22:39]
7E 00 88 16 00 15 00 08 01 57 00 00 28 2C 00 F9 00 37 00 F9 00 FA 00 04 00 07 13 E7 
[17:22:39]
7E 00 88 16 00 15 00 08 01 57 00 00 28 2C 00 F9 00 37 00 F9 00 FA 00 04 00 07 13 E7 
[17:22:40]
7E 00 88 16 00 15 00 08 01 57 00 00 28 2C 00 F9 00 37 00 F9 00 FA 00 04 00 07 13 E7 
[17:22:40]
7E 00 88 16 00 15 00 08 01 57 00 00 28 2C 00 F9 00 37 00 F9 00 FA 00 04 00 07 13 E7 
[17:22:41]
7E 00 88 16 00 15 00 08 01 57 00 00 28 2C 00 F9 00 37 00 F9 00 FA 00 04 00 07 13 E7 
[17:22:41]
7E 00 88 16 00 15 00 08 01 57 00 00 28 2C 00 F9 00 37 00 F9 00 FA 00 04 00 07 13 E7 
[17:22:41]
7E 00 88 16 00 15 00 08 01 57 00 00 28 2C 00 F9 00 37 00 F9 00 FA 00 04 00 07 13 E7 
[17:22:42]
7E 00 88 16 00 15 00 08 01 57 00 00 28 2C 00 F9 00 37 00 F9 00 FA 00 04 00 07 13 E7 
[17:22:42]
7E 00 88 16 00 15 00 08 01 57 00 00 28 2C 00 F9 00 37 00 F9 00 FA 00 04 00 07 13 E7 
[17:22:42]
7E 00 88 16 00 15 00 08 01 57 00 00 28 2C 00 F9 00 37 00 F9 00 FA 00 04 00 07 13 E7 
[17:22:43]
7E 00 88 16 00 15 00 08 01 57 00 00 28 2C 00 F9 00 37 00 F9 00 FA 00 04 00 07 13 E7 
[17:22:43]
7E 00 88 16 00 15 00 08 01 57 00 00 28 2C 00 F9 00 37 00 F9 00 FA 00 04 00 07 13 E7 
[17:22:44]
7E 00 88 16 00 15 00 08 01 57 00 00 28 2C 00 F9 00 37 00 F9 00 FA 00 04 00 07 13 E7 
[17:22:44]
7E 00 88 16 00 15 00 08 01 57 00 00 28 2C 00 F9 00 37 00 F9 00 FA 00 04 00 07 13 E7 
[17:22:44]
7E 00 88 16 00 15 00 08 01 57 00 00 28 2C 00 F9 00 37 00 F9 00 FA 00 04 00 07 13 E7 
[17:22:45]
7E 00 88 16 00 15 00 08 01 57 00 00 28 2C 00 F9 00 37 00 F9 00 FA 00 04 00 07 13 E7 
[17:22:45]
7E 00 88 16 00 15 00 08 01 57 00 00 28 2C 00 F9 00 37 00 F9 00 FA 00 04 00 07 13 E7 
[17:22:46]
7E 00 88 16 00 15 00 08 01 57 00 00 28 2C 00 F9 00 37 00 F9 00 FA 00 04 00 07 13 E7 
[17:22:46]
7E 00 88 16 00 15 00 08 01 57 00 00 28 2C 00 F9 00 37 00 F9 00 FA 00 04 00 07 13 E7 
[17:22:46]
7E 00 88 16 00 15 00 08 01 57 00 00 28 2C 00 F9 00 37 00 F9 00 FA 00 04 00 07 13 E7 
[17:22:47]
7E 00 88 16 00 15 00 08 01 57 00 00 28 2C 00 F9 00 37 00 F9 00 FA 00 04 00 07 13 E7 
[17:22:47]
7E 00 88 16 00 15 00 08 01 57 00 00 28 2C 00 F9 00 37 00 F9 00 FA 00 04 00 07 13 E7 
[17:22:47]
7E 00 88 16 00 15 00 08 01 57 00 00 28 2C 00 F9 00 37 00 F9 00 FA 00 04 00 07 13 E7 
[17:22:48]
7E 00 88 16 00 15 00 08 01 57 00 00 28 2C 00 F9 00 37 00 F9 00 FA 00 04 00 07 13 E7 
[17:22:48]
7E 00 88 16 00 15 00 08 01 57 00 00 28 2C 00 F9 00 37 00 F9 00 FA 00 04 00 08 14 E7 
[17:22:49]
7E 00 88 16 00 15 00 08 01 57 00 00 28 2C 00 F9 00 37 00 F9 00 FA 00 04 00 08 14 E7 
[17:22:49]
7E 00 88 16 00 15 00 08 01 57 00 00 28 2C 00 F9 00 37 00 F9 00 FA 00 04 00 08 14 E7 
[17:22:49]
7E 00 88 16 00 15 00 08 01 57 00 00 28 2C 00 F9 00 37 00 F9 00 FA 00 04 00 08 14 E7 
[17:22:50]
7E 00 88 16 00 15 00 08 01 57 00 00 28 2C 00 F9 00 37 00 F9 00 FA 00 04 00 08 14 E7 
[17:22:50]
7E 00 88 16 00 15 00 08 01 57 00 00 28 2C 00 F9 00 37 00 F9 00 FA 00 04 00 08 14 E7 
[17:22:51]
7E 00 88 16 00 15 00 08 01 57 00 00 28 2C 00 F9 00 37 00 F9 00 FA 00 04 00 08 14 E7 
[17:22:51]
7E 00 88 16 00 15 00 08 01 57 00 00 28 2C 00 F9 00 37 00 F9 00 FA 00 04 00 08 14 E7 
[17:22:51]
7E 00 88 16 00 15 00 08 01 57 00 00 28 2C 00 F9 00 37 00 F9 00 FA 00 04 00 08 14 E7 
[17:22:52]
7E 00 88 16 00 15 00 08 01 57 00 00 28 2C 00 F9 00 37 00 F9 00 FA 00 04 00 08 14 E7 
[17:22:52]
7E 00 88 16 00 15 00 08 01 57 00 00 28 2C 00 F9 00 37 00 F9 00 FA 00 04 00 08 14 E7 
[17:22:52]
7E 00 88 16 00 15 00 08 01 57 00 00 28 2C 00 F9 00 37 00 F9 00 FA 00 04 00 08 14 E7 
[17:22:53]
7E 00 88 16 00 15 00 08 01 57 00 00 28 2C 00 F9 00 37 00 F9 00 FA 00 04 00 08 14 E7 
[17:22:53]
7E 00 88 16 00 15 00 08 01 57 00 00 28 2C 00 F9 00 37 00 F9 00 FA 00 04 00 08 14 E7 
[17:22:54]
7E 00 88 16 00 15 00 08 01 57 00 00 28 2C 00 F9 00 37 00 F9 00 FA 00 04 00 08 14 E7 
[17:22:54]
7E 00 88 16 00 15 00 08 01 57 00 00 28 2C 00 F9 00 37 00 F9 00 FA 00 04 00 08 14 E7 
[17:22:54]
7E 00 88 16 00 15 00 08 01 57 00 00 28 2C 00 F9 00 37 00 F9 00 FA 00 04 00 08 14 E7 
[17:22:55]
7E 00 88 16 00 15 00 08 01 57 00 00 28 2C 00 F9 00 37 00 F9 00 FA 00 04 00 08 14 E7 
[17:22:55]
7E 00 88 16 00 15 00 08 01 57 00 00 28 2C 00 F9 00 37 00 F9 00 FA 00 04 00 08 14 E7 
[17:22:56]
7E 00 88 16 00 15 00 08 01 57 00 00 28 2C 00 F9 00 37 00 F9 00 FA 00 04 00 08 14 E7 
[17:22:56]
7E 00 88 16 00 15 00 08 01 57 00 00 28 2C 00 F9 00 37 00 F9 00 FA 00 04 00 08 14 E7 
[17:22:56]
7E 00 88 16 00 15 00 08 01 57 00 00 28 2C 00 F9 00 37 00 F9 00 FA 00 04 00 08 14 E7 
[17:22:57]
7E 00 88 16 00 15 00 08 01 57 00 00 28 2C 00 F9 00 37 00 F9 00 FA 00 04 00 08 14 E7 
[17:22:57]
7E 00 88 16 00 15 00 08 01 57 00 00 28 2C 00 F9 00 37 00 F9 00 FA 00 04 00 08 14 E7 
[17:22:57]
7E 00 88 16 00 15 00 08 01 57 00 00 28 2C 00 F9 00 37 00 F9 00 FA 00 04 00 08 14 E7 
[17:22:58]
7E 00 88 16 00 15 00 08 01 57 00 00 28 2C 00 F9 00 37 00 F9 00 FA 00 04 00 08 14 E7 
[17:22:58]
7E 00 88 16 00 15 00 08 01 57 00 00 28 2C 00 F9 00 37 00 F9 00 FA 00 04 00 08 14 E7 
[17:22:59]
7E 00 88 16 00 15 00 08 01 57 00 00 28 2C 00 F9 00 37 00 F9 00 FA 00 04 00 08 14 E7 
[17:22:59]
7E 00 88 16 00 15 00 08 01 57 00 00 28 2C 00 F9 00 37 00 F9 00 FA 00 04 00 08 14 E7 
[17:22:59]
7E 00 88 16 00 15 00 08 01 57 00 00 28 2C 00 F9 00 37 00 F9 00 FA 00 04 00 08 14 E7 
[17:23:0]
7E 00 88 16 00 15 00 08 01 57 00 00 28 2C 00 F9 00 37 00 F9 00 FA 00 04 00 08 14 E7 
[17:23:0]
7E 00 88 16 00 15 00 08 01 57 00 00 28 2C 00 F9 00 37 00 F9 00 FA 00 04 00 08 14 E7 
[17:23:1]
7E 00 88 16 00 15 00 08 01 57 00 00 28 2C 00 F9 00 37 00 F9 00 FA 00 04 00 08 14 E7 
[17:23:1]
7E 00 88 16 00 15 00 08 01 57 00 00 28 2C 00 F9 00 37 00 F9 00 FA 00 04 00 08 14 E7 
[17:23:1]
7E 00 88 16 00 15 00 08 01 57 00 00 28 2C 00 F9 00 37 00 F9 00 FA 00 04 00 08 14 E7 
[17:23:2]
7E 00 88 16 00 15 00 08 01 57 00 00 28 2C 00 F9 00 37 00 F9 00 FA 00 04 00 08 14 E7 
[17:23:2]
7E 00 88 16 00 15 00 08 01 57 00 00 28 2C 00 F9 00 37 00 F9 [17:24:50]
7E 00 88 16 00 15 00 08 01 57 00 00 28 2C 00 F9 00 37 00 F9 00 FA 00 04 00 07 13 E7 
[17:24:50]
7E 00 88 16 00 15 00 08 01 57 00 00 28 2C 00 F9 00 37 00 F9 00 FA 00 04 00 07 13 E7 
[17:24:50]
7E 00 88 16 00 15 00 08 01 57 00 00 28 2C 00 F9 00 37 00 F9 00 FA 00 04 00 07 13 E7 
[17:24:51]
7E 00 88 16 00 15 00 08 01 57 00 00 28 2C 00 F9 00 37 00 F9 00 FA 00 04 00 07 13 E7 
[17:24:51]
7E 00 88 16 00 15 00 08 01 57 00 00 28 2C 00 F9 00 37 00 F9 00 FA 00 04 00 07 13 E7 
[17:24:51]
7E 00 88 16 00 15 00 08 01 57 00 00 28 2C 00 F9 00 37 00 F9 00 FA 00 04 00 07 13 E7 
[17:24:52]
7E 00 88 16 00 15 00 08 01 57 00 00 28 2C 00 F9 00 37 00 F9 00 FA 00 04 00 07 13 E7 
[17:24:52]
7E 00 88 16 00 15 00 08 01 57 00 00 28 2C 00 F9 00 37 00 F9 00 FA 00 04 00 07 13 E7 
[17:24:53]
7E 00 88 16 00 15 00 08 01 57 00 00 28 2C 00 F9 00 37 00 F9 00 FA 00 04 00 07 13 E7 
[17:24:53]
7E 00 88 16 00 15 00 08 01 57 00 00 28 2C 00 F9 00 37 00 F9 00 FA 00 04 00 07 13 E7 
[17:24:53]
7E 00 88 16 00 15 00 08 01 57 00 00 28 2C 00 F9 00 37 00 F9 00 FA 00 04 00 07 13 E7 
[17:24:54]
7E 00 88 16 00 15 00 08 01 57 00 00 28 2C 00 F9 00 37 00 F9 00 FA 00 04 00 07 13 E7 
[17:24:54]
7E 00 88 16 00 15 00 08 01 57 00 00 28 2C 00 F9 00 37 00 F9 00 FA 00 04 00 07 13 E7 
[17:24:55]
7E 00 88 16 00 15 00 08 01 57 00 00 28 2C 00 F9 00 37 00 F9 00 FA 00 04 00 07 13 E7 
[17:24:55]
7E 00 88 16 00 15 00 08 01 57 00 00 28 2C 00 F9 00 37 00 F9 00 FA 00 04 00 07 13 E7 
[17:24:55]
7E 00 88 16 00 15 00 08 01 57 00 00 28 2C 00 F9 00 37 00 F9 00 FA 00 04 00 07 13 E7 
[17:24:56]
7E 00 88 16 00 15 00 08 01 57 00 00 28 2C 00 F9 00 37 00 F9 00 FA 00 04 00 07 13 E7 
[17:24:56]
7E 00 88 16 00 15 00 08 01 57 00 00 28 2C 00 F9 00 37 00 F9 00 FA 00 04 00 07 13 E7 
[17:24:56]
7E 00 88 16 00 15 00 08 01 57 00 00 28 2C 00 F9 00 37 00 F9 00 FA 00 04 00 07 13 E7 
[17:24:57]
7E 00 88 16 00 15 00 08 01 57 00 00 28 2C 00 F9 00 37 00 F9 00 FA 00 04 00 07 13 E7 
[17:24:57]
7E 00 88 16 00 15 00 08 01 57 00 00 28 2C 00 F9 00 37 00 F9 00 FA 00 04 00 07 13 E7 
[17:24:58]
7E 00 88 16 00 15 00 08 01 57 00 00 28 2C 00 F9 00 37 00 F9 00 FA 00 04 00 07 13 E7 
[17:24:58]
7E 00 88 16 00 15 00 08 01 57 00 00 28 2C 00 F9 00 37 00 F9 00 FA 00 04 00 07 13 E7 
[17:24:58]
7E 00 88 16 00 15 00 08 01 57 00 00 28 2C 00 F9 00 37 00 F9 00 FA 00 04 00 07 13 E7 
[17:24:59]
7E 00 88 16 00 15 00 08 01 57 00 00 28 2C 00 F9 00 37 00 F9 00 FA 00 04 00 07 13 E7 
[17:24:59]
7E 00 88 16 00 15 00 08 01 57 00 00 28 2C 00 F9 00 37 00 F9 00 FA 00 04 00 07 13 E7 
[17:25:0]
7E 00 88 16 00 15 00 08 01 57 00 00 28 2C 00 F9 00 37 00 F9 00 FA 00 04 00 07 13 E7 
[17:25:0]
7E 00 88 16 00 15 00 08 01 57 00 00 28 2C 00 F9 00 37 00 F9 00 FA 00 04 00 08 14 E7 
[17:25:0]
7E 00 88 16 00 15 00 08 01 57 00 00 28 2C 00 F9 00 37 00 F9 00 FA 00 04 00 08 14 E7 
[17:25:1]
7E 00 88 16 00 15 00 08 01 57 00 00 28 2C 00 F9 00 37 00 F9 00 FA 00 04 00 08 14 E7 
[17:25:1]
7E 00 88 16 00 15 00 08 01 57 00 00 28 2C 00 F9 00 37 00 F9 00 FA 00 04 00 08 14 E7 
[17:25:1]
7E 00 88 16 00 15 00 08 01 57 00 00 28 2C 00 F9 00 37 00 F9 00 FA 00 04 00 08 14 E7 
[17:25